152
154
156
200
202
204
206
208
213
215
217
219
233
235
241
243
246
268
270
272
278
280
282
284
293
295
307
316
318
320
322
324
333
335
337
339
341
343
345
347
349
351
353
368
370
372
374
376
378
380
382
384
386
394
396
398
400
402
413
415
417
419
421
423
425
427
429
431
440
442
444
448
452
454
456
458
460
466
468
483
485
487
489
491
493
506
511
513
516
518
526
528
530
532
556
558
560
562
564
566
568
570
581
583
585
587
590
592
594
596
606
608
613
615
617
629
631
637
639
651
662
664
666
672
675
678
680
682
686
697
699
701
703
705
708
710
712
723
725
729
731
733
735
741
743
745
747
749
758
766
768
770
772
774
776
778
780
782
785
787
789
795
799
801
803
805
818
820
823
825
827
829
833
839
841
849
851
853
855
857
865
867
869
871
873
876
884
893
895
907
911
913
915
925
927
929
931
933
945
951
953
956
961
963
965
970
972
974
976
982
984
988
990
999
1001
1003
1008
1012
1015
1017
1019
1021
1023
1025
1027
1032
1034
1036
1038
1040
1043
1045
1049
1054
1056
1058
1060
1067
1085
1089
1100
1111
1119
1121
1125
1127
1129
1134
1136
1138
1140
1146
1148
1150
1152
1157
1164
1166
1168
1170
1172
1174
1176
1178
1182
1184
1186
1188
1190
1192
1194
1196
1198
1200
1224
1226
1228
1231
1241
1243
1250
1254
1262
1265
1268
1278
1280
1282
1295
1302
1304
1306
1309
1322
1325
1335
1339
1349
1351
1359
1361
1368
1371
1373
1376
1386
1388
1391
1401
1403
1407
1413
1415
1418
1429
1439
1441
1445
1447
1453
1456
1461
1464
1471
1473
1487
1489
1494
1498
1516
1518
1523
1525
1527
1529
1531
1533
1536
1555
1558
1569
1571
1575
1577
1583
1586
1590
1592
1596
1598
1605
1607
1612
1614
1618
1620
1629
1633
1636
1639
1641
1647
1651
1653
1659
1661
1666
1668
1672
1675
1679
1682
1684
1690
1697
1699
1717
1721
1723
1725
1727
1729
1732
1734
1736
1743
1746
1756
1760
1766
1771
1773
1775
1782
1784
1790
1794
1796
1798
1811
1813
1817
1822
1824
1835
1837
1841
1845
1849
1851
1855
1859
1864
1868
1870
1874
1878
1894
1897
1903
1907
1914
1922
1925
1927
1939
1941
1943
1954
1958
1962
1965
1967
1972
1974
1976
1978
1983
1985
1989
1991
1997
1999
2003
2005
2007
2009
2013
2015
2017
2019
2021
2023
2025
2028
2031
2033
2037
2041
2044
2054
2056
2066
2073
2075
2077
2079
2086
2088
2090
2092
2094
2099
2101
2103
2106
2111
2113
2115
2119
2121
2124
2129
2131
2153
2155
2157
2162
2165
2170
2172
2174
2176
2179
2186
2188
2190
2195
2199
2206
2208
2210
2212
2214
2223
2238
2245
2249
2251
2257
2267
2271
2273
2275
2283
2292
2297
2308
2319
2321
2323
2325
2327
2329
2338
2340
2344
2346
2348
2352
2358
2362
2373
2375
2377
2382
2384
2390
2392
2397
2405
2409
2411
2419
2428
2432
2436
2453
2455
2457
2462
2466
2468
2476
2493
2495
2501
2503
2505
2507
2509
2511
2513
2517
2520
2534
2539
2558
2560
2562
2579
2595
2597
2602
2607
2610
2616
2622
2624
2626
2630
2632
2654
2658
2661
2667
2669
2684
2688
2692
2708
2710
2712
2714
2716
2720
2723
2725
2732
2734
2738
2745
2747
2757
2759
2763
2765
2786
2788
2790
2792
2808
2810
2820
2822
2824
2832
2835
2839
2842
2847
2849
2851
2853
2855
2859
2861
2870
2872
2882
2887
2889
2902
2908
2914
2916
2926
2930
2934
2938
2940
2945
2947
2952
2954
2956
2965
2974
2976
2978
2980
2982
2991
2993
2995
2997
3003
3005
3012
3024
3026
3030
3038
3040
3042
3050
3056
3058
3065
3094
3100
3102
3106
3108
3112
3119
3126
3138
3147
3158
3170
3177
3184
3188
3190
3192
3198
3200
3202
3212
3216
3218
3224
3228
3230
3233
3235
3237
3245
3260
3262
3266
3270
3278
3282
3294
3303
3305
3308
3312
3314
3316
3324
3328
3330
3332
3338
3340
3346
3353
3360
3367
3369
3371
3379
3388
3390
3392
3399
3401
3404
3417
3431
3440
3449
3452
3456
3458
3460
3463
3466
3468
3470
3472
3477
3479
3494
3496
3506
3508
3510
3512
3514
3519
3521
3523
3533
3535
3537
3540
3544
3551
3558
3560
3563
3566
3568
3570
3586
3592
3598
3600
3602
3609
3611
3615
3621
3624
3626
3631
3641
3643
3649
3651
3658
3660
3663
3665
3669
3671
3674
3676
3691
3700
3710
3722
3724
3726
3729
3732
3736
3743
3753
3759
3767
3772
3777
3779
3784
3786
3793
3795
3798
3800
3807
3809
3814
3821
3824
3826
3828
3830
3832
3838
3843
3849
3854
3856
3858
3860
3862
3864
3866
3868
3874
3876
3882
3884
3889
3903
3905
3917
3921
3924
3930
3932
3939
3943
3953
3957
3959
3966
3969
3981
3985
3987
3995
4000
4010
4029
4045
4047
4049
4069
4074
4076
4090
4096
4098
4102
4107
4113
4132
4141
4144
4165
4175
4182
4184
4186
4196
4198
4200
4203
4205
4209
4211
4213
4217
4261
4273
4281
4293
4296
4333
4351
4354
4356
4389
4393
4401
4409
4411
4413
4415
4417
4431
4433
4439
4442
4459
4467
4469
4479
4514
4516
4520
4522
4531
4534
4536
4541
4543
4548
4550
4552
4554
4557
4559
4562
4564
4566
4574
4576
4589
4599
4608
4612
4614
4616
4618
4622
4625
4633
4636
4638
4640
4642
4644
4646
4650
4655
4667
4670
4672
4679
4688
4691
4693
4699
4723
4725
4729
4737
4739
4751
4758
4780
4784
4786
4788
4792
4796
4798
4811
4813
4817
4819
4821
4824
4826
4831
4835
4845
4847
4849
4858
4860
4866
4868
4870
4878
4880
4884
4886
4891
4893
4898
4901
4903
4907
4911
4913
4915
4917
4946
4950
4952
4956
4958
4962
4964
4969
4971
4977
4990
4992
4995
4997
4999
5010
5028
5030
5038
5045
5047
5050
5061
5067
5073
5099
5103
5105
5112
5114
5116
5118
5120
5129
5131
5133
5135
5139
5146
5154
5156
5158
5162
5168
5183
5189
5197
5201
5205
5209
5213
5221
5223
5229
5234
5236
5240
5244
5246
5248
5251
5253
5257
5259
5262
5264
5271
5274
5278
5280
5283
5292
5295
5297
5300
5306
5309
5311
5325
5333
5350
5354
5359
5365
5369
5378
5382
5395
5406
5411
5413
5422
5425
5427
5433
5440
5442
5444
5446
5448
5450
5454
5460
5462
5466
5473
5483
5487
5496
5507
5509
5528
5536
5538
5552
5574
5576
5589
5591
5600
5636
5638
5674
5676
5738
5949
5955
6026
6152
6404
6449
6667
6865
8129
8139
8744
8908
8917
8930
8935
8939
8947
8961
8974
