15
23
43
50
53
59
62
67
69
76
79
83
86
88
91
93
96
98
100
105
111
113
117
121
124
131
136
140
143
145
147
158
161
164
166
168
170
172
174
177
179
181
194
196
210
221
224
227
229
237
249
253
255
262
273
275
286
288
290
296
298
300
302
304
308
311
313
325
328
354
357
360
362
365
387
389
391
404
406
408
410
432
434
437
462
470
473
475
478
480
497
499
501
508
519
521
523
534
538
541
547
550
571
576
578
597
601
603
609
619
622
624
626
632
634
640
643
645
647
652
656
658
668
683
689
691
694
713
718
726
737
750
752
754
759
761
763
790
796
806
808
811
813
815
830
835
842
844
846
859
862
877
879
881
885
890
898
900
903
908
916
918
935
937
940
942
946
948
957
967
978
985
991
994
996
1004
1009
1046
1061
1064
1068
1070
1073
1075
1079
1082
1086
1094
1096
1101
1103
1108
1112
1114
1116
1122
1131
1143
1154
1159
1179
1204
1206
1210
1213
1215
1219
1221
1232
1236
1238
1255
1257
1259
1270
1272
1274
1284
1287
1289
1292
1296
1312
1314
1316
1319
1328
1330
1340
1342
1344
1353
1356
1362
1364
1377
1379
1381
1383
1392
1394
1396
1398
1404
1408
1410
1421
1424
1432
1434
1436
1442
1448
1450
1457
1466
1468
1474
1480
1482
1484
1491
1495
1499
1505
1508
1510
1513
1519
1537
1539
1541
1543
1547
1549
1551
1560
1564
1572
1578
1580
1587
1593
1599
1602
1609
1621
1623
1625
1630
1642
1644
1648
1654
1656
1663
1669
1676
1685
1687
1692
1694
1700
1708
1714
1718
1739
1747
1749
1752
1761
1763
1768
1776
1778
1791
1799
1802
1804
1806
1808
1819
1825
1828
1830
1832
1838
1842
1856
1861
1871
1875
1880
1883
1885
1887
1891
1898
1909
1911
1915
1917
1931
1933
1935
1944
1946
1950
1955
1969
1979
1986
1992
1994
2034
2038
2046
2051
2058
2063
2068
2070
2080
2082
2096
2108
2126
2132
2134
2136
2138
2141
2143
2145
2148
2150
2158
2167
2181
2183
2191
2196
2200
2220
2224
2230
2232
2240
2246
2252
2254
2258
2261
2264
2268
2276
2279
2287
2289
2293
2298
2302
2304
2309
2313
2315
2330
2333
2335
2341
2349
2353
2359
2366
2378
2385
2387
2393
2398
2400
2406
2420
2424
2433
2437
2439
2442
2444
2446
2448
2450
2458
2463
2477
2481
2483
2485
2487
2489
2497
2521
2523
2527
2531
2536
2540
2543
2545
2548
2553
2564
2566
2572
2574
2582
2586
2589
2592
2603
2611
2617
2619
2627
2636
2638
2640
2642
2644
2646
2649
2651
2655
2662
2670
2672
2674
2677
2679
2681
2685
2689
2698
2700
2704
2717
2729
2735
2741
2749
2753
2760
2766
2770
2772
2775
2777
2783
2794
2796
2798
2800
2804
2816
2825
2827
2829
2836
2843
2862
2864
2867
2873
2875
2877
2879
2883
2892
2894
2896
2899
2904
2909
2911
2918
2920
2923
2931
2935
2941
2949
2957
2961
2966
2968
2983
2986
2988
2998
3000
3007
3009
3031
3035
3043
3046
3051
3053
3059
3062
3096
3103
3109
3113
3115
3123
3127
3130
3132
3134
3139
3142
3144
3149
3151
3153
3163
3165
3167
3174
3179
3181
3185
3193
3195
3203
3206
3209
3213
3219
3221
3225
3239
3242
3251
3253
3257
3263
3267
3271
3273
3275
3279
3283
3286
3289
3291
3295
3297
3300
3309
3333
3335
3342
3348
3354
3357
3361
3364
3372
3374
3383
3394
3396
3419
3421
3423
3426
3428
3432
3434
3436
3446
3473
3480
3482
3484
3487
3490
3497
3499
3501
3503
3524
3526
3528
3530
3541
3545
3547
3552
3554
3572
3574
3579
3581
3583
3587
3593
3604
3606
3612
3627
3633
3635
3638
3644
3646
3666
3677
3682
3684
3686
3692
3694
3701
3703
3705
3711
3713
3715
3717
3719
3738
3740
3744
3747
3749
3754
3756
3762
3769
3773
3781
3790
3801
3804
3815
3817
3834
3839
3846
3850
3869
3871
3878
3886
3890
3892
3895
3898
3900
3906
3908
3910
3912
3925
3927
3934
3940
3946
3950
3954
3961
3963
3970
3973
3976
3978
3982
3991
3997
4003
4005
4007
4013
4015
4021
4032
4035
4037
4039
4042
4050
4055
4058
4060
4063
4065
4070
4085
4087
4091
4093
4099
4103
4110
4114
4126
4133
4135
4138
4147
4149
4166
4168
4170
4178
4189
4191
4193
4206
4214
4220
4225
4227
4229
4255
4258
4263
4266
4268
4270
4297
4299
4302
4334
4336
4340
4342
4345
4347
4357
4360
4363
4365
4368
4370
4374
4377
4381
4383
4385
4390
4405
4418
4420
4424
4426
4428
4434
4436
4444
4448
4452
4456
4461
4464
4472
4475
4480
4483
4486
4488
4491
4494
4498
4500
4502
4504
4506
4508
4511
4517
4525
4527
4538
4545
4567
4569
4571
4578
4582
4586
4600
4604
4609
4619
4626
4628
4647
4656
4658
4660
4663
4674
4676
4680
4683
4685
4694
4696
4700
4720
4726
4731
4733
4740
4742
4744
4746
4748
4752
4755
4759
4762
4764
4766
4768
4789
4793
4799
4808
4827
4832
4836
4850
4852
4854
4863
4871
4873
4875
4881
4887
4894
4904
4908
4918
4921
4923
4943
4947
4959
4966
4973
4983
4985
4987
5001
5004
5011
5032
5034
5039
5042
5051
5053
5055
5058
5063
5069
5074
5085
5087
5089
5093
5100
5106
5109
5122
5136
5141
5147
5150
5164
5169
5171
5173
5185
5190
5192
5194
5198
5206
5214
5224
5226
5230
5237
5241
5254
5265
5268
5286
5289
5301
5315
5328
5330
5338
5340
5342
5344
5346
5351
5355
5362
5370
5372
5384
5389
5392
5396
5398
5400
5402
5407
5415
5428
5434
5437
5451
5457
5463
5478
5488
5491
5493
5499
5501
5504
5515
5519
5521
5523
5530
5533
5539
5546
5548
5553
5577
5579
5583
5593
5596
5605
5619
5621
5626
5630
5633
5640
5643
5647
5649
5652
5670
5679
5683
5685
5693
5696
5698
5703
5705
5710
5714
5735
5741
5743
5745
5748
5750
5763
5765
5770
5776
5778
5781
5787
5789
5794
5799
5811
5816
5818
5823
5834
5837
5840
5847
5849
5853
5855
5859
5871
5877
5882
5886
5888
5902
5916
5918
5921
5925
5930
5933
5935
5937
5940
5942
5946
5950
5978
5983
5986
5991
6000
6004
6007
6011
6016
6020
6023
6028
6030
6039
6044
6046
6049
6054
6057
6064
6067
6073
6075
6084
6088
6099
6105
6110
6115
6117
6122
6131
6135
6137
6142
6146
6154
6156
6159
6172
6175
6186
6188
6191
6193
6197
6206
6208
6214
6218
6220
6222
6224
6230
6233
6235
6237
6240
6243
6246
6250
6252
6260
6262
6264
6269
6274
6289
6292
6296
6303
6310
6316
6331
6335
6338
6341
6352
6354
6356
6359
6362
6367
6376
6383
6387
6390
6401
6463
6497
6509
6519
6861
8287
8589
8812
8921
8924
8942
